0	NaN	0	0	0	0
0.00334448160535117	0.0797891424949511	-0.0178890699754835	-0.00469310777114706	-0.00222655688562763	-0.00086059334794836
0.00668896321070234	0.159634148735807	-0.0358016032263562	-0.00938821857501598	-0.00445357262636069	-0.00172131292281554
0.0100334448160535	0.239591079699344	-0.053761157370392	-0.0140873378473785	-0.0066815063375411	-0.00258228499798201
0.0133779264214047	0.319716392504646	-0.0717914795409645	-0.0187924758359642	-0.00891081765526663	-0.00344363593978852
0.0167224080267559	0.40006714271217	-0.089916603235131	-0.0235056500210598	-0.0111419669975329	-0.00430549225408909
0.020066889632107	0.480701191771367	-0.108160947707485	-0.0282288875537507	-0.0133754158262452	-0.0051679806329152
0.0234113712374582	0.561677421460106	-0.126549420821714	-0.0329642277177825	-0.015611626910435	-0.00603122800126672
0.0267558528428094	0.643055957272334	-0.145107526328249	-0.0377137244211225	-0.0178510645909871	-0.0068953615640581
0.0301003344481605	0.724898402857129	-0.163861476609555	-0.0424794487234537	-0.0200941950471537	-0.00776050885328047
0.0334448160535117	0.807268087796851	-0.182838312026635	-0.0472634914059671	-0.0223414865651989	-0.00862679777537523
0.0367892976588629	0.890230331238938	-0.202066028113501	-0.0520679655899803	-0.0245934098094649	-0.00949435665889019
0.040133779264214	0.973852724172	-0.221573712004038	-0.0568950094111712	-0.0268504380961966	-0.0103633143024171
0.0434782608695652	1.05820543346948	-0.241391689641685	-0.0617467887563931	-0.029113047670426	-0.0112338000228788
0.0468227424749164	1.14336153122352	-0.261551685521571	-0.0666255000703609	-0.0313817179862728	-0.0121059437041728
0.0501672240802676	1.22939735336965	-0.282086996953288	-0.0715333732397671	-0.033656931990978	-0.012979875846225
0.0535117056856187	1.31639289217465	-0.303032685117809	-0.0764726745627625	-0.0359391764130215	-0.0138557276144803
0.0568561872909699	1.40443222784388	-0.324425785533466	-0.0814457098120701	-0.0382289420546836	-0.0147336308898673
0.0602006688963211	1.49360400532393	-0.346305540954977	-0.0864548274004699	-0.0405267240894003	-0.0156137183192783
0.0635451505016722	1.58400196335992	-0.368713660220599	-0.0915024216578299	-0.0428330223642913	-0.0164961233665974
0.0668896321070234	1.67572552405103	-0.391694607153778	-0.0965909362293709	-0.0451483417082434	-0.0173809803643124
0.0702341137123746	1.76888045257722	-0.415295924339507	-0.101722867605434	-0.0474731922459297	-0.0182684245657636
0.0735785953177258	1.86357959850309	-0.439568597461063	-0.106900768793615	-0.0498080897181904	-0.0191585921980473
0.0769230769230769	1.95994373217248	-0.464567466935788	-0.112127253144826	-0.0521535558091779	-0.0200516205156324
0.0802675585284281	2.05810249228464	-0.490351694875705	-0.117404998345584	-0.0545101184807031	-0.0209476478547218
0.0836120401337793	2.15819546390613	-0.516985296979566	-0.122736750589633	-0.0568783123142316	-0.0218468136884065
0.0869565217391304	2.26037341007881	-0.544537750914291	-0.128125328942914	-0.0592586788609972	-0.0227492586826453
0.0903010033444816	2.36479968503073	-0.573084695165786	-0.133573629916841	-0.0616517670007023	-0.0236551247531323
0.0936454849498328	2.47165186304833	-0.602708735363016	-0.139084632265972	-0.0640581333093106	-0.0245645551230768
0.096989966555184	2.58112362466899	-0.633500378878011	-0.144661402027235	-0.0664783424364671	-0.0254776943819537
0.100334448160535	2.69342695146531	-0.665559123308379	-0.150307097819264	-0.0689129674930504	-0.0263946885452712
0.103678929765886	2.80879469293257	-0.698994730567085	-0.156024976421693	-0.0713625904494494	-0.0273156851154035
0.107023411371237	2.92748358469679	-0.733928726154635	-0.161818398655879	-0.0738278025451394	-0.0282408331435352
0.110367892976589	3.04977781757475	-0.77049617334341	-0.167690835590162	-0.0763092047101625	-0.0291702832927734
0.11371237458194	3.17599328351897	-0.808847785251647	-0.173645875094601	-0.0788074079991643	-0.0301041879024778
0.117056856187291	3.30648265937167	-0.849152455227272	-0.179687228772209	-0.0813230340386395	-0.0310427010538628
0.120401337792642	3.4416415357454	-0.891600309154923	-0.185818739295899	-0.0838567154880881	-0.0319859786369308
0.123745819397993	3.58191586069059	-0.93640641446723	-0.192044388182766	-0.0864090965158094	-0.0329341784187965
0.127090301003344	3.72781105254923	-0.983815323006764	-0.198368304040124	-0.0889808332901047	-0.0338874601134452
0.130434782608696	3.87990325300652	-1.03410668318678	-0.204794771320547	-0.0915725944866687	-0.0348459854530166
0.133779264214047	4.03885335399303	-1.08760223821432	-0.211328239626546	-0.0941850618130337	-0.0358099182606453
0.137123745819398	4.20542466226282	-1.1446746422202	-0.217973333609061	-0.0968189305509175	-0.0367794245249462
0.140468227424749	4.3805053964573	-1.20575869162647	-0.224734863507906	-0.0994749101174225	-0.0377546724762052
0.1438127090301	4.56513769582446	-1.27136581125514	-0.231617836386776	-0.102153724646033	-0.0387358326643431
0.147157190635452	4.76055554239518	-1.34210299599076	-0.238627468120229	-0.104856113588457	-0.0397230780387193
0.150501672240803	4.96823509987877	-1.41869795953114	-0.245769196195487	-0.107582832338338	-0.0407165840298759
0.153846153846154	5.18996269200618	-1.50203310148497	-0.253048693397858	-0.110334652878021	-0.0417165286332627
0.157190635451505	5.42792840023558	-1.59319228265767	-0.260471882455284	-0.113112364449517	-0.0427230924950473
0.160535117056856	5.68485781810049	-1.69352667703865	-0.26804495172486	-0.115916774250916	-0.0437364590000986
0.163879598662207	5.96420229772263	-1.80474986811155	-0.275774372012427	-0.118748708159608	-0.0447568143621979
0.167224080267559	6.27042191105984	-1.92907930061904	-0.283666914625577	-0.121609011483627	-0.0457843477166165
0.17056856187291	6.60942125674955	-2.06945415304359	-0.291729670770573	-0.12449854974267	-0.0468192512150902
0.173913043478261	6.98924931590702	-2.22988523229722	-0.299970072415283	-0.127418209480264	-0.0478617201233525
0.177257525083612	7.42128214141784	-2.41604628268416	-0.308395914752998	-0.130368899108746	-0.0489119529212709
0.180602006688963	7.92235305171274	-2.63633904440276	-0.317015380416471	-0.133351549788795	-0.0499701514057258
0.183946488294314	8.51891821113804	-2.90397600239098	-0.325837065607745	-0.136367116345306	-0.051036520796319
0.187290969899666	9.25615556205976	-3.24152980780457	-0.334870008327563	-0.139416578221564	-0.0521112698440373
0.190635451505017	10.2212542112838	-3.69257792310827	-0.344123718908761	-0.142500940473743	-0.0531946109429723
0.193979933110368	11.6201014798893	-4.36004609498245	-0.353608213081282	-0.145621234807912	-0.0542867602452354
0.197324414715719	14.1932238057298	-5.61417874928631	-0.363334047822802	-0.148778520661813	-0.0553879377791733
0.20066889632107	18.5971777430755	-7.78323442988397	-0.37331236027875	-0.151973886333859	-0.0564983675710302
0.204013377926421	12.8844513284798	-4.89343641539243	-0.383554910069459	-0.155208450161923	-0.0576182777701847
0.207357859531773	10.9450491133676	-3.88976516356002	-0.394074125340754	-0.158483361754641	-0.0587479007781032
0.210702341137124	9.74170444012703	-3.25356437105951	-0.404883152958304	-0.161799803278141	-0.0598874733811602
0.214046822742475	8.86479364960639	-2.77999799196416	-0.415995913296434	-0.16515899080127	-0.0610372368874737
0.217391304347826	8.17297161003274	-2.39836790914528	-0.427427160129735	-0.168562175702598	-0.0621974372679178
0.220735785953177	7.60040775455645	-2.07573185132444	-0.439192546202089	-0.172010646142679	-0.063368325301479
0.224080267558528	7.11103769207211	-1.79402908712111	-0.451308695123937	-0.175505728605258	-0.0645501567251325
0.22742474916388	6.68294205194441	-1.5422697252935	-0.463793280336678	-0.179048789511399	-0.0657431923884062
0.230769230769231	6.30179349294976	-1.31325808505808	-0.476665111984885	-0.182641236910685	-0.0669476984128393
0.234113712374582	5.95770719300887	-1.10201779332747	-0.489944232655206	-0.186284522253998	-0.0681639463565194
0.237458193979933	5.64357180199032	-0.904957098352394	-0.503652023078232	-0.189980142252641	-0.0693922133839041
0.240802675585284	5.3540970412977	-0.719392489727992	-0.517811319050058	-0.193729640828868	-0.0706327824411477
0.244147157190635	5.08523769482378	-0.543260494878381	-0.532446541017907	-0.197534611163277	-0.0718859424371493
0.247491638795987	4.83382846107237	-0.374934884410261	-0.547583837994565	-0.201396697844853	-0.0731519884305609
0.250836120401338	4.59734329200168	-0.213106096213175	-0.563251247725912	-0.205317599129856	-0.0744312218229938
0.254180602006689	4.3737314927198	-0.0566990120112396	-0.579478875342534	-0.209299069316184	-0.075723950558689
0.25752508361204	4.16130292205117	0.09518474753124	-0.596299093090166	-0.213342921240295	-0.0770304893309038
0.260869565217391	3.95864560127384	0.243308360057925	-0.61374676416677	-0.217451028904295	-0.078351159795301
0.264214046822742	3.76456530026045	0.38833039184083	-0.631859494211468	-0.221625330241295	-0.0796862907906372
0.267558528428094	3.57804038262657	0.530827806638536	-0.650677914611462	-0.22586783002778	-0.0810362185670417
0.270903010033445	3.3981874655741	0.671313622639328	-0.670246002541204	-0.230180602952329	-0.0824012870222183
0.274247491638796	3.22423488372387	0.810250731592567	-0.69061144355347	-0.234565796850718	-0.0837818479458968
0.277591973244147	3.05550187317776	0.948062932411811	-0.711826043643058	-0.2390256361182	-0.0851782612728827
0.280936454849498	2.89138200497444	1.08514392709057	-0.733946199049037	-0.243562425310535	-0.0865908953450794
0.284280936454849	2.73132981046993	1.22186482256855	-0.757033433713894	-0.248178552946242	-0.088020127182861
0.287625418060201	2.57484982478681	1.35858054344261	-0.781155016358327	-0.252876495523493	-0.0894663427661938
0.290969899665552	2.42148747189813	1.49563546550877	-0.806384671664726	-0.257658821766093	-0.090929937325941
0.294314381270903	2.27082135388488	1.63336851538784	-0.832803403228946	-0.262528197114136	-0.0924113156457769
0.297658862876254	2.12245660539962	1.77211793821551	-0.860500449922111	-0.267487388476125	-0.0939108923751954
0.301003344481605	1.97601904417143	1.91222590804224	-0.889574402345827	-0.272539269260737	-0.0954290923540725
0.304347826086957	1.8311498972801	2.05404314078844	-0.92013451249356	-0.277686824707794	-0.096966350949325
0.307692307692308	1.68750091601316	2.19793366545403	-0.952302237992758	-0.282933157539703	-0.0985231144041706
0.311036789297659	1.54472971263853	2.3442799150805	-0.986213073005895	-0.288281493956256	-0.100099840200582
0.31438127090301	1.40249516224083	2.49348831504253	-1.02201873185698	-0.293735189997693	-0.101696997435505
0.317725752508361	1.26045271262861	2.64599557399937	-1.05988976990233	-0.299297738302958	-0.103315067211476
0.321070234113712	1.11824943493712	2.80227592491	-1.10001875074976	-0.304972775292401	-0.104954543042292
0.324414715719064	0.97551862554462	2.96284962419145	-1.14262410204155	-0.310764088806693	-0.106615931274412
0.327759197324415	0.831873733550045	3.12829310296192	-1.18795484713082	-0.316675626236488	-0.108299751524826
0.331103678929766	0.686901332749133	3.29925128533964	-1.2362964622264	-0.322711503180404	-0.110006537136144
0.334448160535117	0.540152775519921	3.47645276012861	-1.28797819564115	-0.328876012672255	-0.111736835649718
0.337792642140468	0.391134046882404	3.66072873718843	-1.34338230936914	-0.335173635022172	-0.113491209297628
0.341137123745819	0.23929316226376	3.85303707464292	-1.40295588153897	-0.341609048320298	-0.115270235514432
0.344481605351171	0.0840041934875814	4.05449318548808	-1.46722607021703	-0.348187139656298	-0.117074507469614
0.347826086956522	-0.0754533825038376	4.26641041575471	-1.53682013142125	-0.354913017112866	-0.118904634621724
0.351170568561873	-0.2399219165651	4.49035368707524	-1.61249208503478	-0.361792022596998	-0.120761243295232
0.354515050167224	-0.410402247420293	4.72821208121971	-1.69515886506127	-0.368829745578827	-0.122644977281239
0.357859531772575	-0.588104153544376	4.98229908443362	-1.78595031112226	-0.376032037814784	-0.124556498463147
0.361204013377926	-0.774517490108019	5.25549426828092	-1.88627988779932	-0.383405029139241	-0.126496487468573
0.364548494983278	-0.971515264656683	5.55144890591651	-1.99794737975462	-0.390955144417392	-0.128465644348748
0.367892976588629	-1.18150773913926	5.87489369176463	-2.12329264527054	-0.398689121761413	-0.130464689286816
0.37123745819398	-1.40768141279995	6.23211626735307	-2.26543427838438	-0.406614032122528	-0.132494363336438
0.374581939799331	-1.65438620991589	6.6317351958135	-2.42865649979583	-0.414737300383332	-0.134555429192255
0.377926421404682	-1.92779720694918	7.0860230494247	-2.61907060775592	-0.4230667280879	-0.136648671993817
0.381270903010033	-2.23712396471596	7.61332473723123	-2.8458240515524	-0.431610517962002	-0.138774900164687
0.384615384615385	-2.59702151577872	8.24287916947444	-3.12351117511882	-0.44037730039233	-0.140934946288542
0.387959866220736	-3.03300045345423	9.02563914836636	-3.47758307473697	-0.44937616205243	-0.143129668024171
0.391304347826087	-3.59584768242073	10.0631126022766	-3.95876812860298	-0.458616676884025	-0.145359949061414
0.394648829431438	-4.41257975597822	11.6092690108446	-4.69402512126665	-0.468108939666355	-0.147626700120199
0.397993311036789	-6.01677363390296	14.7312006865572	-6.21687379497427	-0.477863602433122	-0.149930859994956
0.40133779264214	-6.70441089715895	16.0208109831896	-6.82323886236725	-0.487891914027233	-0.152273396646826
0.404682274247492	-4.75208914080704	12.0312368718377	-4.78966120013804	-0.498205763118367	-0.154655308346257
0.408026755852843	-3.93498256136803	10.312769915246	-3.89125823820318	-0.508817725048011	-0.157077624868689
0.411371237458194	-3.42061507800305	9.20040231746555	-3.29549688207666	-0.519741112911818	-0.159541408746267
0.414715719063545	-3.04951900611203	8.37514408443813	-2.84285198535355	-0.530990033340908	-0.162047756578631
0.418060200668896	-2.76212597395895	7.71780467518171	-2.47369706118488	-0.542579447502997	-0.164597800406096
0.421404682274247	-2.52958908066238	7.17063713875331	-2.15912622928943	-0.554525237912393	-0.167192709148685
0.424749163879599	-2.33573066179379	6.70123346798754	-1.88290176285793	-0.566844281716342	-0.169833690114758
0.42809364548495	-2.17056578665536	6.28957141666139	-1.6349773574086	-0.57955453121588	-0.172521990583161
0.431438127090301	-2.02749882484402	5.9224074537739	-1.40869445702608	-0.592675102484146	-0.175258899463152
0.434782608695652	-1.90194614993178	5.59052198901997	-1.19940470343944	-0.606226373066978	-0.178045749036569
0.438127090301003	-1.79059425718562	5.28723542163878	-1.00372778224156	-0.620230089892287	-0.18088391678705
0.441471571906354	-1.69097105694872	5.00755053410097	-0.819122424953885	-0.634709488680229	-0.183774827321413
0.444816053511706	-1.60118398530458	4.74762851194864	-0.643624205281879	-0.649689426339944	-0.186719954388691
0.448160535117057	-1.51975263647732	4.50445399657921	-0.475677830309604	-0.665196528066294	-0.189720823002615
0.451505016722408	-1.44549772469744	4.27561278408292	-0.314025730143827	-0.681259351118325	-0.192779011673837
0.454849498327759	-1.37746505637813	4.0591395291905	-0.157631622020448	-0.697908567578397	-0.195896154758546
0.45819397993311	-1.31487205069801	3.85341052754038	-0.00562658140122684	-0.715177168767617	-0.199073944930634
0.461538461538462	-1.25706923303941	3.6570664217584	0.142729961938809	-0.733100694441686	-0.202314135785066
0.464882943143813	-1.20351193810951	3.46895530108499	0.28807907351384	-0.75171749042784	-0.205618544580684
0.468227424749164	-1.1537391385913	3.28809002169977	0.430984102356843	-0.771068999007902	-0.208989055131188
0.471571906354515	-1.10735735010367	3.11361564400001	0.571947467423696	-0.79120008712919	-0.21242762085383
0.474916387959866	-1.06402821938433	2.94478419443107	0.711423847458836	-0.812159418466586	-0.215936267985855
0.478260869565217	-1.02345882911785	2.7809348113545	0.849830755382908	-0.833999876504274	-0.21951709897969
0.481605351170569	-0.985394036345186	2.6214779000774	0.987557197545158	-0.856779047207201	-0.223172296088499
0.48494983277592	-0.949610353680037	2.46588230503345	1.1249709293335	-0.880559771574776	-0.226904125154797
0.488294314381271	-0.915911015371128	2.31366477061325	1.26242469007683	-0.905410780499555	-0.230714939615622
0.491638795986622	-0.884121963514379	2.16438114603087	1.40026171220209	-0.931407427001717	-0.234607184738963
0.494983277591973	-0.854088556209264	2.01761891928838	1.5388207397423	-0.958632534223893	-0.238583402107129
0.498327759197324	-0.825672847517994	1.87299075726264	1.67844075156977	-0.987177381742734	-0.242646234364183
0.501672240802676	-0.798751324276665	1.73012879403494	1.81946556011663	-1.01714285804381	-0.246798430245714
0.505016722408027	-0.773213010878183	1.58867945497367	1.96224844378567	-1.04864081376183	-0.251042849910906
0.508361204013378	-0.748957872672908	1.44829863444091	2.10715696911899	-1.0817956589838	-0.255382470598329
0.511705685618729	-0.725895463406629	1.30864706325905	2.25457816658809	-1.11674625919635	-0.25982039262876
0.51505016722408	-0.703943773399599	1.16938570986984	2.40492424213457	-1.15364819923267	-0.264359845780213
0.518394648829431	-0.683028243865474	1.03017105698292	2.55863903695115	-1.19267650410054	-0.269004196062554
0.521739130434783	-0.663080919524727	0.890650082951431	2.71620549338208	-1.23402893164344	-0.273756952921323
0.525083612040134	-0.644039716956902	0.750454752500516	2.87815444991885	-1.27792998717765	-0.278621776903069
0.528428093645485	-0.625847790308226	0.609195781712342	3.04507518022917	-1.32463585831251	-0.283602487817181
0.531772575250836	-0.608452979284447	0.46645538230507	3.21762822083205	-1.37444053465126	-0.288703073432462
0.535117056856187	-0.591807327007131	0.321778602271127	3.39656121592156	-1.42768347033526	-0.293927698749924
0.538461538461538	-0.575866657441512	0.174662751381718	3.58272877134834	-1.48475928020757	-0.299280715897258
0.54180602006689	-0.560590203826763	0.02454421121483	3.7771176926354	-1.54613015266176	-0.304766674694364
0.545150501672241	-0.54594028094067	-0.129218351353926	3.98087954754228	-1.61234194575513	-0.310390333944176
0.548494983277592	-0.531881995176318	-0.287365772484583	4.19537334557933	-1.68404535967505	-0.316156673507828
0.551839464882943	-0.518382987349474	-0.450767241077834	4.42222243821542	-1.7620242347808	-0.322070907229153
0.555183946488294	-0.505413203932401	-0.620459302789012	4.66339181262918	-1.84723405937658	-0.328138496779436
0.558528428093645	-0.492944693053965	-0.797699789031681	4.92129530926845	-1.94085545039034	-0.334365166500635
0.561872909698997	-0.480951422142468	-0.984044252970587	5.19894791772483	-2.04437018251212	-0.340756919332681
0.565217391304348	-0.469409114536161	-1.18145737997596	5.50018807771396	-2.15967222769844	-0.347320053919403
0.568561872909699	-0.458295102762948	-1.39248069652658	5.83001262610458	-2.28923512420043	-0.35406118299696
0.57190635451505	-0.447588196508106	-1.62049477405116	6.1951007768865	-2.43637386738947	-0.360987253179642
0.575250836120401	-0.437268563556997	-1.87014822695974	6.6046717272864	-2.60567361792994	-0.368105566269716
0.578595317725752	-0.427317622227524	-2.14809986651978	7.0719686087169	-2.80373158568108	-0.375423802231668
0.581939799331104	-0.417717944000685	-2.46439625187326	7.61701326109476	-3.04053432770924	-0.38295004398612
0.585284280936455	-0.408453165223156	-2.83527536389208	8.2722132783475	-3.33226118349142	-0.390692804195897
0.588628762541806	-0.399507906897528	-3.28964333641664	9.09531519102877	-3.70776077948338	-0.398661054235718
0.591973244147157	-0.390867701697537	-3.88712690944534	10.2055091123539	-4.22660326545017	-0.406864255558733
0.595317725752508	-0.382518927450566	-4.78725148221623	11.9217846010048	-5.04825815849143	-0.415312393697466
0.59866220735786	-0.374448746420252	-6.82255040182525	15.9091490097049	-7.00520342852364	-0.424016015164475
0.602006688963211	-0.366645049800502	-6.21790649083588	14.6173103243893	-6.32226682688606	-0.432986267549394
0.605351170568562	-0.359096406900352	-4.69677912499811	11.4931311142927	-4.72285276746563	-0.44223494314475
0.608695652173913	-0.351792018558364	-3.96324384416911	9.94470755736178	-3.91098174174812	-0.451774526473636
0.612040133779264	-0.344721674377003	-3.4837811587497	8.90494686395255	-3.35307892843489	-0.461618246138744
0.615384615384615	-0.337875713412607	-3.13143253707901	8.1198790681136	-2.92212998137771	-0.471780131465426
0.618729096989967	-0.331244987996258	-2.85546985418482	7.48799574572244	-2.56735027449623	-0.482275074472394
0.622073578595318	-0.324820830395546	-2.6304422674377	6.95834358907917	-2.26323156742309	-0.493118897773726
0.625418060200669	-0.318595022057955	-2.44175568707871	6.50168317241608	-1.99512125794274	-0.504328429096613
0.62876254180602	-0.312559765203466	-2.28026291861109	6.09966906081075	-1.75381229617816	-0.515921583192505
0.632107023411371	-0.306707656557912	-2.13985291928569	5.74002814543217	-1.53313220055064	-0.527917452027425
0.635451505016722	-0.301031663039616	-2.01624172471081	5.41414131558877	-1.32873372912899	-0.540336404262641
0.638795986622074	-0.295525099230664	-1.90631099805872	5.11572037084119	-1.13743315617207	-0.553200195183074
0.642140468227425	-0.290181606480641	-1.80772113925459	4.8400340461468	-0.956823088272017	-0.566532088401582
0.645484949832776	-0.28499513350556	-1.71867262293874	4.58343048565865	-0.785033485540869	-0.580356990867269
0.648829431438127	-0.279959918357759	-1.63775224502481	4.34302952266822	-0.620577563869786	-0.594701602941183
0.652173913043478	-0.275070471654416	-1.56383042767779	4.11651706294132	-0.462248723759853	-0.609594585580101
0.655518394648829	-0.270321560962708	-1.49599050007144	3.90200340347054	-0.309049418122725	-0.625066746997339
0.658862876254181	-0.265708196249165	-1.43347870699146	3.69792298771903	-0.160140705394794	-0.641151251559371
0.662207357859532	-0.261225616309081	-1.37566805868175	3.50296182065197	-0.014805594725767	-0.657883854141857
0.665551839464883	-0.256869276099516	-1.32203166503356	3.31600382572243	0.127578181393516	-0.675303163724957
0.668896321070234	-0.252634834906159	-1.27212271767567	3.13609046624585	0.267558812565269	-0.693450940676438
0.672240802675585	-0.248518145280482	-1.2255592262764	2.96238983831324	0.405626378332755	-0.712372432978111
0.675585284280936	-0.244515242689107	-1.18201221619698	2.79417264308677	0.542225443912429	-0.73211675762967
0.678929765886288	-0.240622335822331	-1.14119648702245	2.63079322991686	0.677765199269726	-0.752737334656198
0.682274247491639	-0.236835797513235	-1.10286329342301	2.47167442412493	0.812627797983261	-0.774292382605241
0.68561872909699	-0.233152156222863	-1.06679448812046	2.3162952081541	0.947175377607141	-0.79684548621603
0.688963210702341	-0.229568088050694	-1.03279779032484	2.16418056975584	1.08175612409281	-0.820466249167096
0.692307692307692	-0.226080409232934	-1.00070293006623	2.01489300224059	1.21670966130377	-0.845231047576867
0.695652173913043	-0.222686069094223	-0.970358481092331	1.86802526285007	1.35237199134315	-0.871223903399724
0.698996655518395	-0.219382143421112	-0.941629240116388	1.72319408117071	1.48908017504186	-0.898537501232476
0.702341137123746	-0.216165828228157	-0.914394043311471	1.58003457018342	1.62717691994493	-0.927274377597975
0.705685618729097	-0.213034433889821	-0.888543935532413	1.43819513461815	1.7670152327489	-0.957548318873568
0.709030100334448	-0.209985379613391	-0.863980626198991	1.29733269903553	1.90896329299819	-0.989486013186288
0.712374581939799	-0.207016188230098	-0.840615179762195	1.15710809413581	2.05340971466056	-1.02322901349695
0.71571906354515	-0.204124481283309	-0.818366899379201	1.01718144559523	2.20076938271675	-1.05893608470442
0.719063545150502	-0.201307974394306	-0.797162370684355	0.87720740558277	2.35149008498093	-1.09678602827242
0.722408026755853	-0.198564472887573	-0.776934638972924	0.736830052310811	2.50606020825618	-1.13698110553863
0.725752508361204	-0.195891867658909	-0.757622498155956	0.595677255637271	2.66501783772725	-1.17975121828457
0.729096989966555	-0.193288131270836	-0.739169873826837	0.453354263465374	2.82896169698	-1.22535905637759
0.732441471571906	-0.190751314260989	-0.721525285946546	0.30943619895297	2.99856450500416	-1.27410649336107
0.735785953177257	-0.188279541650105	-0.704641379189069	0.163459063635661	3.17458952395074	-1.326342610841
0.739130434782609	-0.185871009637281	-0.688474511028675	0.014908702824115	3.3579113550209	-1.3824738753371
0.74247491638796	-0.18352398247095	-0.672984389303353	-0.136793014567134	3.549542453221	-1.44297719876829
0.745819397993311	-0.181236789484909	-0.658133752333752	-0.292305854044831	3.7506674446337	-1.50841692086866
0.749163879598662	-0.179007822289434	-0.643888085778184	-0.452394225521403	3.96268825679027	-1.57946721584351
0.752508361204013	-0.176835532108199	-0.630215371309519	-0.617957774807891	4.18728450632438	-1.65694214282045
0.755852842809365	-0.174718427252363	-0.61708586294807	-0.790072922083163	4.42649586215878	-1.74183669705399
0.759197324414716	-0.172655070723779	-0.604471887505337	-0.970050568060375	4.68283681483314	-1.83538407532458
0.762541806020067	-0.170644077939792	-0.592347666111015	-1.15951831876073	4.95946054449814	-1.93913750018243
0.765886287625418	-0.168684114572632	-0.580689154228713	-1.36054106279478	5.26039954736453	-2.05509043152666
0.769230769230769	-0.166773894496811	-0.569473897929516	-1.57580376744932	5.59093074626463	-2.18585902711678
0.77257525083612	-0.16491217783845	-0.558680904499365	-1.80889968370515	5.95815145953794	-2.33497003803353
0.775919732441472	-0.163097769120749	-0.548290525715663	-2.06480672779806	6.37193175818202	-2.50733690308816
0.779264214046823	-0.161329515500287	-0.53828435234894	-2.35072216921243	6.84658346639832	-2.71009416887066
0.782608695652174	-0.15960630508911	-0.528645118633077	-2.67763753515076	7.40400962150382	-2.95417214262592
0.785953177257525	-0.157927065357908	-0.519356615608038	-3.06361524199691	8.08025741057561	-3.25757328590838
0.789297658862876	-0.156290761615882	-0.510403612376421	-3.5415992969376	8.94113926686259	-3.65318268984797
0.792642140468227	-0.154696395563171	-0.501771784433446	-4.18228960586049	10.1279811952174	-4.211642166007
0.795986622073579	-0.153143003911957	-0.493447648331685	-5.1905240583359	12.0503866654343	-5.13773212164953
0.79933110367893	-0.151629657072613	-0.485418502029991	-8.08496085834557	17.7456010083005	-7.95005368622125
0.802675585284281	-0.150155457901493	-0.477672370352261	-5.92062150803107	13.3235971265496	-5.70357149453476
0.806020066889632	-0.148719540507131	-0.47019795504799	-4.67128475022691	10.7318631300186	-4.37200743070714
0.809364548494983	-0.147321069111852	-0.462984589004183	-4.00869412651848	9.31381720634801	-3.62704798790328
0.812709030100334	-0.145959236965964	-0.456022194208643	-3.56260736304339	8.32890614957745	-3.09839345442235
0.816053511705686	-0.144633265311847	-0.449301243108574	-3.23010093433634	7.57121424517622	-2.68306227472444
0.819397993311037	-0.143342402395438	-0.442812723047173	-2.96759967116398	6.9535222413298	-2.33742044959292
0.822742474916388	-0.142085922522763	-0.43654810349469	-2.75253329055116	6.43062016077112	-2.03883785180557
0.826086956521739	-0.140863125159263	-0.430499305820381	-2.57169175376478	5.97601776249841	-1.77404336114595
0.82943143812709	-0.139673334069844	-0.424658675378055	-2.41667584806115	5.57284544268644	-1.53457521248576
0.832775919732441	-0.138515896497667	-0.4190189557012	-2.28181444122496	5.20968847038968	-1.31469800371446
0.836120401337793	-0.137390182379803	-0.413573264624316	-2.16309942662021	4.87845659082249	-1.11033737876642
0.839464882943144	-0.136295583598023	-0.408315072165288	-2.05759441795844	4.57320111172377	-0.918488442214733
0.842809364548495	-0.135231513263043	-0.403238180019925	-1.96308485852849	4.28941479908711	-0.736865567119115
0.846153846153846	-0.13419740503066	-0.398336702534221	-1.87786015283515	4.0235957945722	-0.563684200632488
0.849498327759197	-0.133192712448332	-0.393605049032754	-1.80057221916556	3.77296434760833	-0.397519061981285
0.852842809364548	-0.132216908330771	-0.389037907393193	-1.73014039783484	3.5352722271251	-0.237208663114736
0.8561872909699	-0.131269484163251	-0.384630228767108	-1.66568560399321	3.30867058545724	-0.0817890357890331
0.859531772575251	-0.130349949531397	-0.380377213356554	-1.60648355738742	3.09161593321049	0.0695535084278162
0.862876254180602	-0.129457831576255	-0.376274297164082	-1.55193082057952	2.88280168115466	0.217516860583398
0.866220735785953	-0.128592674473557	-0.372317139641373	-1.50151965579798	2.68110726142144	0.362708837022447
0.869565217391304	-0.12775403893612	-0.368501612168228	-1.45481908918101	2.48555959608258	0.505666762936847
0.872909698996655	-0.126941501738383	-0.364823787299798	-1.41146043089683	2.29530339897387	0.646872679340725
0.876254180602007	-0.126154655262154	-0.361279928725257	-1.37112605034941	2.10957789605528	0.786765387330586
0.879598662207358	-0.125393107062678	-0.357866481886094	-1.33354056698824	1.92769826974794	0.925750184655753
0.882943143812709	-0.124656479454177	-0.354580065206611	-1.29846385941568	1.74904061400701	1.0642069104853
0.88628762541806	-0.123944409114084	-0.351417461893213	-1.26568546097326	1.57302951412492	1.20249675251404
0.889632107023411	-0.123256546705203	-0.348375612262749	-1.23502002507154	1.3991275907888	1.34096816010771
0.892976588628763	-0.12259255651512	-0.345451606563447	-1.20630362484521	1.22682650476705	1.47996213165711
0.896321070234114	-0.121952116112133	-0.342642678255	-1.17939071001992	1.05563902795225	1.61981709326599
0.899665551839465	-0.12133491601714	-0.339946197717101	-1.15415158624455	0.88509186205829	1.76087355269734
0.903010033444816	-0.120740659390832	-0.337359666358199	-1.13047031331369	0.714718936956474	1.90347869298918
0.906354515050167	-0.120169061735642	-0.334880711098572	-1.10824294190109	0.544054952095451	2.04799106188907
0.909698996655518	-0.119619850611923	-0.332507079203806	-1.08737602587084	0.372628940060603	2.19478551509425
0.91304347826087	-0.119092765367837	-0.330236633446774	-1.06778536048478	0.199957632719963	2.34425858314608
0.916387959866221	-0.118587556882479	-0.328067347577883	-1.04939490698285	0.0255383977225492	2.49683445466911
0.919732441471572	-0.118103987321803	-0.325997302084954	-1.03213587186832	-0.151158514963931	2.65297180458037
0.923076923076923	-0.117641829906885	-0.324024680225626	-1.01594591535249	-0.33069872325646	2.81317174848661
0.926421404682274	-0.11720086869418	-0.322147764316449	-1.00076846822303	-0.513693836682665	2.97798727929868
0.929765886287625	-0.116780898367339	-0.320364932264142	-0.986552140204467	-0.700813432087772	3.14803464757509
0.933110367892977	-0.116381724040271	-0.318674654325577	-0.973250205909835	-0.892799505722863	3.32400729608036
0.936454849498328	-0.116003161071095	-0.31707549008417	-0.960820156911711	-1.09048423572275	3.50669317108178
0.939799331103679	-0.115645034886682	-0.31556608563129	-0.949223310419816	-1.29481219244348	3.69699653833019
0.94314381270903	-0.115307180817485	-0.31414517094222	-0.938424466642063	-1.50686857913284	3.8959658782643
0.946488294314381	-0.114989443942376	-0.312811557437088	-0.92839160820248	-1.72791574878794	4.10483009965599
0.949832775919732	-0.114691678943262	-0.31156413571787	-0.919095636053163	-1.95944125149888	4.32504632042362
0.953177257525084	-0.114413749969201	-0.310401873473431	-0.910510137194488	-2.20322223454416	4.55836403318515
0.956521739130435	-0.114155530509833	-0.309323813545116	-0.902611180244827	-2.46141351899683	4.80691297534313
0.959866220735786	-0.113916903277878	-0.308329072146179	-0.895377135506742	-2.73667078619676	5.07332613369754
0.963210702341137	-0.113697760100565	-0.30741683722878	-0.888788516683911	-3.03232728931664	5.36091629596134
0.966555183946488	-0.113498001819758	-0.306586366993027	-0.882827841830065	-3.35265483466825	5.67393689140115
0.969899665551839	-0.11331753820067	-0.30583698853287	-0.877479511472817	-3.70326255345273	6.01798063924422
0.973244147157191	-0.113156287848965	-0.305168096614373	-0.872729702162927	-4.09173135619113	6.40061389533377
0.976588628762542	-0.113014178136183	-0.30457915258215	-0.868566273963399	-4.52867409880521	6.83243672451288
0.979933110367893	-0.112891145133295	-0.304069683390401	-0.864978690620091	-5.02961835892172	7.32896559604807
0.983277591973244	-0.112787133552345	-0.303639280755262	-0.861957951353386	-5.61862119481949	7.91424807344792
0.986622073578595	-0.112702096696036	-0.303287600425732	-0.859496533383632	-6.33596875963432	8.62856237040182
0.989966555183946	-0.112635996415233	-0.303014361570717	-0.857588344456602	-7.25716638826203	9.54740738954274
0.993311036789298	-0.112588803074252	-0.302819346280253	-0.856228684772567	-8.55170688886252	10.8402709753384
0.996655518394649	-0.112560495523951	-0.302702399179197	-0.855414217847097	-10.7604029748426	13.0479623165154
1	-0.112551061082515	-0.302663427152236	-0.855142949946392	-Inf	Inf
